LA1_1240886511; 2022-04-25; 
Blue; 0; 0; 1; 1; 31; 0; 4; 0; 0; 0; 1; 1; 8; 
Red; 1; 1; 1; 0; 34; 1; 3; 1; 2; 1; 1; 1; 8; 
LA1_1240886511; ElectricDagger; Sett; 6; 1; 0; 6; 9; 1.3333333333333333; 0.35294117647058826; 0; 2; 18; 2; 215; 59; 14; 16; 15103; 14050; 352.0981848294149; 20738; 483.468497401617; 0.28941696042491855; 51; 20; 7117; 20941; 0; 0; 2; 4; 1; 0; 10; 0; 4; 0; 2; 8; 10; 35; 0; Quicksilver Sash; Goredrinker; Mercury's Treads; Death's Dance; Executioner's Calling; Maw of Malmortius; 
LA1_1240886511; BAN Kazuo; Kayn; 12; 2; 0; 10; 9; 2.4444444444444446; 0.6470588235294118; 0; 2; 18; 2; 59; 1; 27.050000071525574; 177; 19069; 17600; 444.53995526013745; 27899; 650.4055359942199; 0.29570113206804394; 57; 46; 594; 35789; 0; 1; 1; 3; 1; 0; 10; 2; 1; 0; 2; 3; 10; 42; 0; Ionian Boots of Lucidity; Silvermere Dawn; Prowler's Claw; Muramana; Serpent's Fang; Serylda's Grudge; 
LA1_1240886511; GK Hades; Viktor; 4; 0; 0; 7; 3; 3.6666666666666665; 0.3235294117647059; 0; 0; 18; 1; 290; 71; 73.20000004768372; 29; 15408; 14675; 359.1995689162064; 21956; 511.84812634209385; 0.10712047550192806; 44; 16; 2909; 18610; 0; 1; 0; 5; 0; 0; 10; 2; 1; 0; 7; 24; 9; 60; 0; Luden's Tempest; Shadowflame; Zhonya's Hourglass; Tear of the Goddess; Sorcerer's Shoes; Rabadon's Deathcap; 
LA1_1240886511; Daycrow; Xayah; 8; 1; 0; 10; 7; 2.5714285714285716; 0.5294117647058824; 0; 3; 18; 2; 270; 73; 47; 18; 18224; 19505; 424.8504627707897; 39871; 929.4964666477093; 0.1715721084393198; 26; 20; 3845; 28136; 1; 1; 1; 2; 1; 0; 10; 5; 4; 0; 5; 19; 8; 43; 0; Eclipse; Silvermere Dawn; Muramana; Berserker's Greaves; Serpent's Fang; Serylda's Grudge; 
LA1_1240886511; Gonna; Karma; 1; 0; 0; 16; 6; 2.8333333333333335; 0.5; 0; 0; 15; 2; 45; 6; 0.4000000059604645; 0; 11538; 11350; 268.9964215276322; 16741; 390.28684057599327; 0.13618932356578964; 26; 33; 1413; 6852; 0; 1; 0; 5; 1; 0; 10; 4; 3; 0; 21; 81; 26; 161; 0; Ionian Boots of Lucidity; Shard of True Ice; Shurelya's Battlesong; Quicksilver Sash; Chemtech Putrifier; Vigilant Wardstone; 
LA1_1240886511; Shunny; Mordekaiser; 9; 2; 0; 8; 7; 2.4285714285714284; 0.5483870967741935; 9; 1; 18; 2; 243; 70; 23.799999982118607; 3; 16352; 15050; 381.21820101096796; 23606; 550.3114279184596; 0.28074768912314085; 95; 47; 3777; 3992; 0; 0; 0; 0; 0; 0; 0; 2; 4; 0; 6; 9; 6; 39; 1; Stopwatch; Rylai's Crystal Scepter; Riftmaker; Spirit Visage; Thornmail; Plated Steelcaps; 
LA1_1240886511; Xu Wei; Zed; 6; 0; 0; 14; 6; 3.3333333333333335; 0.6451612903225806; 9; 1; 18; 2; 39; 1; 51.20000001788139; 186; 15741; 14350; 366.9654620485601; 28435; 662.8871235216455; 0.23561730170399056; 67; 41; 930; 23949; 0; 0; 2; 3; 1; 0; 0; 2; 2; 0; 8; 9; 8; 40; 1; Ionian Boots of Lucidity; Serylda's Grudge; Chain Vest; Serpent's Fang; Eclipse; Edge of Night; 
LA1_1240886511; desugan; Orianna; 4; 0; 0; 20; 5; 4.8; 0.7741935483870968; 9; 0; 18; 2; 233; 65; 66.60000005364418; 57; 15077; 13775; 351.4857637860537; 23140; 539.4449782425004; 0.1526171090828244; 71; 38; 971; 7771; 0; 1; 0; 2; 0; 0; 0; 0; 2; 0; 5; 19; 8; 52; 1; Tear of the Goddess; Luden's Tempest; Rabadon's Deathcap; Ionian Boots of Lucidity; Shadowflame; Blighting Jewel; 
LA1_1240886511; BAN Motorcito; Jinx; 14; 0; 0; 11; 7; 3.5714285714285716; 0.8064516129032258; 9; 4; 18; 1; 306; 46; 17.249999970197678; 20; 19892; 17700; 463.74267079884584; 30155; 702.9998481467308; 0.16741078006214516; 94; 33; 10083; 22758; 1; 1; 1; 2; 0; 1; 0; 3; 5; 0; 4; 20; 11; 51; 1; Berserker's Greaves; B. F. Sword; Galeforce; Rapid Firecannon; Infinity Edge; Guardian Angel; 
LA1_1240886511; emarlin; Lulu; 1; 0; 0; 29; 6; 5; 0.967741935483871; 9; 0; 17; 2; 46; 12; 15; 0; 10769; 9525; 251.0513535001093; 4990; 116.34131895286677; 0.163607120027899; 69; 39; 391; 1292; 0; 1; 0; 2; 0; 0; 0; 0; 5; 0; 13; 57; 12; 106; 1; Forbidden Idol; Shurelya's Battlesong; Bulwark of the Mountain; Ardent Censer; Kindlegem; Ionian Boots of Lucidity; 
LA1_1240886511; 2022-04-25; 
Blue; 0; 0; 1; 1; 31; 0; 4; 0; 0; 0; 1; 1; 8; 
Red; 1; 1; 1; 0; 34; 1; 3; 1; 2; 1; 1; 1; 8; 
LA1_1240886511; ElectricDagger; Sett; 6; 1; 0; 6; 9; 1.3333333333333333; 0.35294117647058826; 0; 2; 18; 2; 215; 59; 14; 16; 15103; 14050; 352.0981848294149; 20738; 483.468497401617; 0.28941696042491855; 51; 20; 7117; 20941; 0; 0; 2; 4; 1; 0; 10; 0; 4; 0; 2; 8; 10; 35; 0; Quicksilver Sash; Goredrinker; Mercury's Treads; Death's Dance; Executioner's Calling; Maw of Malmortius; 
LA1_1240886511; BAN Kazuo; Kayn; 12; 2; 0; 10; 9; 2.4444444444444446; 0.6470588235294118; 0; 2; 18; 2; 59; 1; 27.050000071525574; 177; 19069; 17600; 444.53995526013745; 27899; 650.4055359942199; 0.29570113206804394; 57; 46; 594; 35789; 0; 1; 1; 3; 1; 0; 10; 2; 1; 0; 2; 3; 10; 42; 0; Ionian Boots of Lucidity; Silvermere Dawn; Prowler's Claw; Muramana; Serpent's Fang; Serylda's Grudge; 
LA1_1240886511; GK Hades; Viktor; 4; 0; 0; 7; 3; 3.6666666666666665; 0.3235294117647059; 0; 0; 18; 1; 290; 71; 73.20000004768372; 29; 15408; 14675; 359.1995689162064; 21956; 511.84812634209385; 0.10712047550192806; 44; 16; 2909; 18610; 0; 1; 0; 5; 0; 0; 10; 2; 1; 0; 7; 24; 9; 60; 0; Luden's Tempest; Shadowflame; Zhonya's Hourglass; Tear of the Goddess; Sorcerer's Shoes; Rabadon's Deathcap; 
LA1_1240886511; Daycrow; Xayah; 8; 1; 0; 10; 7; 2.5714285714285716; 0.5294117647058824; 0; 3; 18; 2; 270; 73; 47; 18; 18224; 19505; 424.8504627707897; 39871; 929.4964666477093; 0.1715721084393198; 26; 20; 3845; 28136; 1; 1; 1; 2; 1; 0; 10; 5; 4; 0; 5; 19; 8; 43; 0; Eclipse; Silvermere Dawn; Muramana; Berserker's Greaves; Serpent's Fang; Serylda's Grudge; 
LA1_1240886511; Gonna; Karma; 1; 0; 0; 16; 6; 2.8333333333333335; 0.5; 0; 0; 15; 2; 45; 6; 0.4000000059604645; 0; 11538; 11350; 268.9964215276322; 16741; 390.28684057599327; 0.13618932356578964; 26; 33; 1413; 6852; 0; 1; 0; 5; 1; 0; 10; 4; 3; 0; 21; 81; 26; 161; 0; Ionian Boots of Lucidity; Shard of True Ice; Shurelya's Battlesong; Quicksilver Sash; Chemtech Putrifier; Vigilant Wardstone; 
LA1_1240886511; Shunny; Mordekaiser; 9; 2; 0; 8; 7; 2.4285714285714284; 0.5483870967741935; 9; 1; 18; 2; 243; 70; 23.799999982118607; 3; 16352; 15050; 381.21820101096796; 23606; 550.3114279184596; 0.28074768912314085; 95; 47; 3777; 3992; 0; 0; 0; 0; 0; 0; 0; 2; 4; 0; 6; 9; 6; 39; 1; Stopwatch; Rylai's Crystal Scepter; Riftmaker; Spirit Visage; Thornmail; Plated Steelcaps; 
LA1_1240886511; Xu Wei; Zed; 6; 0; 0; 14; 6; 3.3333333333333335; 0.6451612903225806; 9; 1; 18; 2; 39; 1; 51.20000001788139; 186; 15741; 14350; 366.9654620485601; 28435; 662.8871235216455; 0.23561730170399056; 67; 41; 930; 23949; 0; 0; 2; 3; 1; 0; 0; 2; 2; 0; 8; 9; 8; 40; 1; Ionian Boots of Lucidity; Serylda's Grudge; Chain Vest; Serpent's Fang; Eclipse; Edge of Night; 
LA1_1240886511; desugan; Orianna; 4; 0; 0; 20; 5; 4.8; 0.7741935483870968; 9; 0; 18; 2; 233; 65; 66.60000005364418; 57; 15077; 13775; 351.4857637860537; 23140; 539.4449782425004; 0.1526171090828244; 71; 38; 971; 7771; 0; 1; 0; 2; 0; 0; 0; 0; 2; 0; 5; 19; 8; 52; 1; Tear of the Goddess; Luden's Tempest; Rabadon's Deathcap; Ionian Boots of Lucidity; Shadowflame; Blighting Jewel; 
LA1_1240886511; BAN Motorcito; Jinx; 14; 0; 0; 11; 7; 3.5714285714285716; 0.8064516129032258; 9; 4; 18; 1; 306; 46; 17.249999970197678; 20; 19892; 17700; 463.74267079884584; 30155; 702.9998481467308; 0.16741078006214516; 94; 33; 10083; 22758; 1; 1; 1; 2; 0; 1; 0; 3; 5; 0; 4; 20; 11; 51; 1; Berserker's Greaves; B. F. Sword; Galeforce; Rapid Firecannon; Infinity Edge; Guardian Angel; 
LA1_1240886511; emarlin; Lulu; 1; 0; 0; 29; 6; 5; 0.967741935483871; 9; 0; 17; 2; 46; 12; 15; 0; 10769; 9525; 251.0513535001093; 4990; 116.34131895286677; 0.163607120027899; 69; 39; 391; 1292; 0; 1; 0; 2; 0; 0; 0; 0; 5; 0; 13; 57; 12; 106; 1; Forbidden Idol; Shurelya's Battlesong; Bulwark of the Mountain; Ardent Censer; Kindlegem; Ionian Boots of Lucidity; 
LA1_1240886511; 2022-04-25; 
Blue; 0; 0; 1; 1; 31; 0; 4; 0; 0; 0; 1; 1; 8; 
Red; 1; 1; 1; 0; 34; 1; 3; 1; 2; 1; 1; 1; 8; 
LA1_1240886511; ElectricDagger; Sett; 6; 1; 0; 6; 9; 1.3333333333333333; 0.35294117647058826; 0; 2; 18; 2; 215; 59; 14; 16; 15103; 14050; 352.0981848294149; 20738; 483.468497401617; 0.28941696042491855; 51; 20; 7117; 20941; 0; 0; 2; 4; 1; 0; 10; 0; 4; 0; 2; 8; 10; 35; 0; Quicksilver Sash; Goredrinker; Mercury's Treads; Death's Dance; Executioner's Calling; Maw of Malmortius; 
LA1_1240886511; BAN Kazuo; Kayn; 12; 2; 0; 10; 9; 2.4444444444444446; 0.6470588235294118; 0; 2; 18; 2; 59; 1; 27.050000071525574; 177; 19069; 17600; 444.53995526013745; 27899; 650.4055359942199; 0.29570113206804394; 57; 46; 594; 35789; 0; 1; 1; 3; 1; 0; 10; 2; 1; 0; 2; 3; 10; 42; 0; Ionian Boots of Lucidity; Silvermere Dawn; Prowler's Claw; Muramana; Serpent's Fang; Serylda's Grudge; 
LA1_1240886511; GK Hades; Viktor; 4; 0; 0; 7; 3; 3.6666666666666665; 0.3235294117647059; 0; 0; 18; 1; 290; 71; 73.20000004768372; 29; 15408; 14675; 359.1995689162064; 21956; 511.84812634209385; 0.10712047550192806; 44; 16; 2909; 18610; 0; 1; 0; 5; 0; 0; 10; 2; 1; 0; 7; 24; 9; 60; 0; Luden's Tempest; Shadowflame; Zhonya's Hourglass; Tear of the Goddess; Sorcerer's Shoes; Rabadon's Deathcap; 
LA1_1240886511; Daycrow; Xayah; 8; 1; 0; 10; 7; 2.5714285714285716; 0.5294117647058824; 0; 3; 18; 2; 270; 73; 47; 18; 18224; 19505; 424.8504627707897; 39871; 929.4964666477093; 0.1715721084393198; 26; 20; 3845; 28136; 1; 1; 1; 2; 1; 0; 10; 5; 4; 0; 5; 19; 8; 43; 0; Eclipse; Silvermere Dawn; Muramana; Berserker's Greaves; Serpent's Fang; Serylda's Grudge; 
LA1_1240886511; Gonna; Karma; 1; 0; 0; 16; 6; 2.8333333333333335; 0.5; 0; 0; 15; 2; 45; 6; 0.4000000059604645; 0; 11538; 11350; 268.9964215276322; 16741; 390.28684057599327; 0.13618932356578964; 26; 33; 1413; 6852; 0; 1; 0; 5; 1; 0; 10; 4; 3; 0; 21; 81; 26; 161; 0; Ionian Boots of Lucidity; Shard of True Ice; Shurelya's Battlesong; Quicksilver Sash; Chemtech Putrifier; Vigilant Wardstone; 
LA1_1240886511; Shunny; Mordekaiser; 9; 2; 0; 8; 7; 2.4285714285714284; 0.5483870967741935; 9; 1; 18; 2; 243; 70; 23.799999982118607; 3; 16352; 15050; 381.21820101096796; 23606; 550.3114279184596; 0.28074768912314085; 95; 47; 3777; 3992; 0; 0; 0; 0; 0; 0; 0; 2; 4; 0; 6; 9; 6; 39; 1; Stopwatch; Rylai's Crystal Scepter; Riftmaker; Spirit Visage; Thornmail; Plated Steelcaps; 
LA1_1240886511; Xu Wei; Zed; 6; 0; 0; 14; 6; 3.3333333333333335; 0.6451612903225806; 9; 1; 18; 2; 39; 1; 51.20000001788139; 186; 15741; 14350; 366.9654620485601; 28435; 662.8871235216455; 0.23561730170399056; 67; 41; 930; 23949; 0; 0; 2; 3; 1; 0; 0; 2; 2; 0; 8; 9; 8; 40; 1; Ionian Boots of Lucidity; Serylda's Grudge; Chain Vest; Serpent's Fang; Eclipse; Edge of Night; 
LA1_1240886511; desugan; Orianna; 4; 0; 0; 20; 5; 4.8; 0.7741935483870968; 9; 0; 18; 2; 233; 65; 66.60000005364418; 57; 15077; 13775; 351.4857637860537; 23140; 539.4449782425004; 0.1526171090828244; 71; 38; 971; 7771; 0; 1; 0; 2; 0; 0; 0; 0; 2; 0; 5; 19; 8; 52; 1; Tear of the Goddess; Luden's Tempest; Rabadon's Deathcap; Ionian Boots of Lucidity; Shadowflame; Blighting Jewel; 
LA1_1240886511; BAN Motorcito; Jinx; 14; 0; 0; 11; 7; 3.5714285714285716; 0.8064516129032258; 9; 4; 18; 1; 306; 46; 17.249999970197678; 20; 19892; 17700; 463.74267079884584; 30155; 702.9998481467308; 0.16741078006214516; 94; 33; 10083; 22758; 1; 1; 1; 2; 0; 1; 0; 3; 5; 0; 4; 20; 11; 51; 1; Berserker's Greaves; B. F. Sword; Galeforce; Rapid Firecannon; Infinity Edge; Guardian Angel; 
LA1_1240886511; emarlin; Lulu; 1; 0; 0; 29; 6; 5; 0.967741935483871; 9; 0; 17; 2; 46; 12; 15; 0; 10769; 9525; 251.0513535001093; 4990; 116.34131895286677; 0.163607120027899; 69; 39; 391; 1292; 0; 1; 0; 2; 0; 0; 0; 0; 5; 0; 13; 57; 12; 106; 1; Forbidden Idol; Shurelya's Battlesong; Bulwark of the Mountain; Ardent Censer; Kindlegem; Ionian Boots of Lucidity; 
LA1_1240886511; 2022-04-25; 
Blue; 0; 0; 1; 1; 31; 0; 4; 0; 0; 0; 1; 1; 8; 
Red; 1; 1; 1; 0; 34; 1; 3; 1; 2; 1; 1; 1; 8; 
LA1_1240886511; ElectricDagger; Sett; 6; 1; 0; 6; 9; 1.3333333333333333; 0.35294117647058826; 0; 2; 18; 2; 215; 59; 14; 16; 15103; 14050; 352.0981848294149; 20738; 483.468497401617; 0.28941696042491855; 51; 20; 7117; 20941; 0; 0; 2; 4; 1; 0; 10; 0; 4; 0; 2; 8; 10; 35; 0; Quicksilver Sash; Goredrinker; Mercury's Treads; Death's Dance; Executioner's Calling; Maw of Malmortius; 
LA1_1240886511; BAN Kazuo; Kayn; 12; 2; 0; 10; 9; 2.4444444444444446; 0.6470588235294118; 0; 2; 18; 2; 59; 1; 27.050000071525574; 177; 19069; 17600; 444.53995526013745; 27899; 650.4055359942199; 0.29570113206804394; 57; 46; 594; 35789; 0; 1; 1; 3; 1; 0; 10; 2; 1; 0; 2; 3; 10; 42; 0; Ionian Boots of Lucidity; Silvermere Dawn; Prowler's Claw; Muramana; Serpent's Fang; Serylda's Grudge; 
LA1_1240886511; GK Hades; Viktor; 4; 0; 0; 7; 3; 3.6666666666666665; 0.3235294117647059; 0; 0; 18; 1; 290; 71; 73.20000004768372; 29; 15408; 14675; 359.1995689162064; 21956; 511.84812634209385; 0.10712047550192806; 44; 16; 2909; 18610; 0; 1; 0; 5; 0; 0; 10; 2; 1; 0; 7; 24; 9; 60; 0; Luden's Tempest; Shadowflame; Zhonya's Hourglass; Tear of the Goddess; Sorcerer's Shoes; Rabadon's Deathcap; 
LA1_1240886511; Daycrow; Xayah; 8; 1; 0; 10; 7; 2.5714285714285716; 0.5294117647058824; 0; 3; 18; 2; 270; 73; 47; 18; 18224; 19505; 424.8504627707897; 39871; 929.4964666477093; 0.1715721084393198; 26; 20; 3845; 28136; 1; 1; 1; 2; 1; 0; 10; 5; 4; 0; 5; 19; 8; 43; 0; Eclipse; Silvermere Dawn; Muramana; Berserker's Greaves; Serpent's Fang; Serylda's Grudge; 
LA1_1240886511; Gonna; Karma; 1; 0; 0; 16; 6; 2.8333333333333335; 0.5; 0; 0; 15; 2; 45; 6; 0.4000000059604645; 0; 11538; 11350; 268.9964215276322; 16741; 390.28684057599327; 0.13618932356578964; 26; 33; 1413; 6852; 0; 1; 0; 5; 1; 0; 10; 4; 3; 0; 21; 81; 26; 161; 0; Ionian Boots of Lucidity; Shard of True Ice; Shurelya's Battlesong; Quicksilver Sash; Chemtech Putrifier; Vigilant Wardstone; 
LA1_1240886511; Shunny; Mordekaiser; 9; 2; 0; 8; 7; 2.4285714285714284; 0.5483870967741935; 9; 1; 18; 2; 243; 70; 23.799999982118607; 3; 16352; 15050; 381.21820101096796; 23606; 550.3114279184596; 0.28074768912314085; 95; 47; 3777; 3992; 0; 0; 0; 0; 0; 0; 0; 2; 4; 0; 6; 9; 6; 39; 1; Stopwatch; Rylai's Crystal Scepter; Riftmaker; Spirit Visage; Thornmail; Plated Steelcaps; 
LA1_1240886511; Xu Wei; Zed; 6; 0; 0; 14; 6; 3.3333333333333335; 0.6451612903225806; 9; 1; 18; 2; 39; 1; 51.20000001788139; 186; 15741; 14350; 366.9654620485601; 28435; 662.8871235216455; 0.23561730170399056; 67; 41; 930; 23949; 0; 0; 2; 3; 1; 0; 0; 2; 2; 0; 8; 9; 8; 40; 1; Ionian Boots of Lucidity; Serylda's Grudge; Chain Vest; Serpent's Fang; Eclipse; Edge of Night; 
LA1_1240886511; desugan; Orianna; 4; 0; 0; 20; 5; 4.8; 0.7741935483870968; 9; 0; 18; 2; 233; 65; 66.60000005364418; 57; 15077; 13775; 351.4857637860537; 23140; 539.4449782425004; 0.1526171090828244; 71; 38; 971; 7771; 0; 1; 0; 2; 0; 0; 0; 0; 2; 0; 5; 19; 8; 52; 1; Tear of the Goddess; Luden's Tempest; Rabadon's Deathcap; Ionian Boots of Lucidity; Shadowflame; Blighting Jewel; 
LA1_1240886511; BAN Motorcito; Jinx; 14; 0; 0; 11; 7; 3.5714285714285716; 0.8064516129032258; 9; 4; 18; 1; 306; 46; 17.249999970197678; 20; 19892; 17700; 463.74267079884584; 30155; 702.9998481467308; 0.16741078006214516; 94; 33; 10083; 22758; 1; 1; 1; 2; 0; 1; 0; 3; 5; 0; 4; 20; 11; 51; 1; Berserker's Greaves; B. F. Sword; Galeforce; Rapid Firecannon; Infinity Edge; Guardian Angel; 
LA1_1240886511; emarlin; Lulu; 1; 0; 0; 29; 6; 5; 0.967741935483871; 9; 0; 17; 2; 46; 12; 15; 0; 10769; 9525; 251.0513535001093; 4990; 116.34131895286677; 0.163607120027899; 69; 39; 391; 1292; 0; 1; 0; 2; 0; 0; 0; 0; 5; 0; 13; 57; 12; 106; 1; Forbidden Idol; Shurelya's Battlesong; Bulwark of the Mountain; Ardent Censer; Kindlegem; Ionian Boots of Lucidity; 
LA1_1240886511; 2022-04-25; 
Blue; 0; 0; 1; 1; 31; 0; 4; 0; 0; 0; 1; 1; 8; 
Red; 1; 1; 1; 0; 34; 1; 3; 1; 2; 1; 1; 1; 8; 
LA1_1240886511; ElectricDagger; Sett; 6; 1; 0; 6; 9; 1.3333333333333333; 0.35294117647058826; 0; 2; 18; 2; 215; 59; 14; 16; 15103; 14050; 352.0981848294149; 20738; 483.468497401617; 0.28941696042491855; 51; 20; 7117; 20941; 0; 0; 2; 4; 1; 0; 10; 0; 4; 0; 2; 8; 10; 35; 0; Quicksilver Sash; Goredrinker; Mercury's Treads; Death's Dance; Executioner's Calling; Maw of Malmortius; 
LA1_1240886511; BAN Kazuo; Kayn; 12; 2; 0; 10; 9; 2.4444444444444446; 0.6470588235294118; 0; 2; 18; 2; 59; 1; 27.050000071525574; 177; 19069; 17600; 444.53995526013745; 27899; 650.4055359942199; 0.29570113206804394; 57; 46; 594; 35789; 0; 1; 1; 3; 1; 0; 10; 2; 1; 0; 2; 3; 10; 42; 0; Ionian Boots of Lucidity; Silvermere Dawn; Prowler's Claw; Muramana; Serpent's Fang; Serylda's Grudge; 
LA1_1240886511; GK Hades; Viktor; 4; 0; 0; 7; 3; 3.6666666666666665; 0.3235294117647059; 0; 0; 18; 1; 290; 71; 73.20000004768372; 29; 15408; 14675; 359.1995689162064; 21956; 511.84812634209385; 0.10712047550192806; 44; 16; 2909; 18610; 0; 1; 0; 5; 0; 0; 10; 2; 1; 0; 7; 24; 9; 60; 0; Luden's Tempest; Shadowflame; Zhonya's Hourglass; Tear of the Goddess; Sorcerer's Shoes; Rabadon's Deathcap; 
LA1_1240886511; Daycrow; Xayah; 8; 1; 0; 10; 7; 2.5714285714285716; 0.5294117647058824; 0; 3; 18; 2; 270; 73; 47; 18; 18224; 19505; 424.8504627707897; 39871; 929.4964666477093; 0.1715721084393198; 26; 20; 3845; 28136; 1; 1; 1; 2; 1; 0; 10; 5; 4; 0; 5; 19; 8; 43; 0; Eclipse; Silvermere Dawn; Muramana; Berserker's Greaves; Serpent's Fang; Serylda's Grudge; 
LA1_1240886511; Gonna; Karma; 1; 0; 0; 16; 6; 2.8333333333333335; 0.5; 0; 0; 15; 2; 45; 6; 0.4000000059604645; 0; 11538; 11350; 268.9964215276322; 16741; 390.28684057599327; 0.13618932356578964; 26; 33; 1413; 6852; 0; 1; 0; 5; 1; 0; 10; 4; 3; 0; 21; 81; 26; 161; 0; Ionian Boots of Lucidity; Shard of True Ice; Shurelya's Battlesong; Quicksilver Sash; Chemtech Putrifier; Vigilant Wardstone; 
LA1_1240886511; Shunny; Mordekaiser; 9; 2; 0; 8; 7; 2.4285714285714284; 0.5483870967741935; 9; 1; 18; 2; 243; 70; 23.799999982118607; 3; 16352; 15050; 381.21820101096796; 23606; 550.3114279184596; 0.28074768912314085; 95; 47; 3777; 3992; 0; 0; 0; 0; 0; 0; 0; 2; 4; 0; 6; 9; 6; 39; 1; Stopwatch; Rylai's Crystal Scepter; Riftmaker; Spirit Visage; Thornmail; Plated Steelcaps; 
LA1_1240886511; Xu Wei; Zed; 6; 0; 0; 14; 6; 3.3333333333333335; 0.6451612903225806; 9; 1; 18; 2; 39; 1; 51.20000001788139; 186; 15741; 14350; 366.9654620485601; 28435; 662.8871235216455; 0.23561730170399056; 67; 41; 930; 23949; 0; 0; 2; 3; 1; 0; 0; 2; 2; 0; 8; 9; 8; 40; 1; Ionian Boots of Lucidity; Serylda's Grudge; Chain Vest; Serpent's Fang; Eclipse; Edge of Night; 
LA1_1240886511; desugan; Orianna; 4; 0; 0; 20; 5; 4.8; 0.7741935483870968; 9; 0; 18; 2; 233; 65; 66.60000005364418; 57; 15077; 13775; 351.4857637860537; 23140; 539.4449782425004; 0.1526171090828244; 71; 38; 971; 7771; 0; 1; 0; 2; 0; 0; 0; 0; 2; 0; 5; 19; 8; 52; 1; Tear of the Goddess; Luden's Tempest; Rabadon's Deathcap; Ionian Boots of Lucidity; Shadowflame; Blighting Jewel; 
LA1_1240886511; BAN Motorcito; Jinx; 14; 0; 0; 11; 7; 3.5714285714285716; 0.8064516129032258; 9; 4; 18; 1; 306; 46; 17.249999970197678; 20; 19892; 17700; 463.74267079884584; 30155; 702.9998481467308; 0.16741078006214516; 94; 33; 10083; 22758; 1; 1; 1; 2; 0; 1; 0; 3; 5; 0; 4; 20; 11; 51; 1; Berserker's Greaves; B. F. Sword; Galeforce; Rapid Firecannon; Infinity Edge; Guardian Angel; 
LA1_1240886511; emarlin; Lulu; 1; 0; 0; 29; 6; 5; 0.967741935483871; 9; 0; 17; 2; 46; 12; 15; 0; 10769; 9525; 251.0513535001093; 4990; 116.34131895286677; 0.163607120027899; 69; 39; 391; 1292; 0; 1; 0; 2; 0; 0; 0; 0; 5; 0; 13; 57; 12; 106; 1; Forbidden Idol; Shurelya's Battlesong; Bulwark of the Mountain; Ardent Censer; Kindlegem; Ionian Boots of Lucidity; 
LA1_1240886511; 2022-04-25; 
Blue; 0; 0; 1; 1; 31; 0; 4; 0; 0; 0; 1; 1; 8; 
Red; 1; 1; 1; 0; 34; 1; 3; 1; 2; 1; 1; 1; 8; 
LA1_1240886511; ElectricDagger; Sett; 6; 1; 0; 6; 9; 1.3333333333333333; 0.35294117647058826; 0; 2; 18; 2; 215; 59; 14; 16; 15103; 14050; 352.0981848294149; 20738; 483.468497401617; 0.28941696042491855; 51; 20; 7117; 20941; 0; 0; 2; 4; 1; 0; 10; 0; 4; 0; 2; 8; 10; 35; 0; Quicksilver Sash; Goredrinker; Mercury's Treads; Death's Dance; Executioner's Calling; Maw of Malmortius; 
LA1_1240886511; BAN Kazuo; Kayn; 12; 2; 0; 10; 9; 2.4444444444444446; 0.6470588235294118; 0; 2; 18; 2; 59; 1; 27.050000071525574; 177; 19069; 17600; 444.53995526013745; 27899; 650.4055359942199; 0.29570113206804394; 57; 46; 594; 35789; 0; 1; 1; 3; 1; 0; 10; 2; 1; 0; 2; 3; 10; 42; 0; Ionian Boots of Lucidity; Silvermere Dawn; Prowler's Claw; Muramana; Serpent's Fang; Serylda's Grudge; 
LA1_1240886511; GK Hades; Viktor; 4; 0; 0; 7; 3; 3.6666666666666665; 0.3235294117647059; 0; 0; 18; 1; 290; 71; 73.20000004768372; 29; 15408; 14675; 359.1995689162064; 21956; 511.84812634209385; 0.10712047550192806; 44; 16; 2909; 18610; 0; 1; 0; 5; 0; 0; 10; 2; 1; 0; 7; 24; 9; 60; 0; Luden's Tempest; Shadowflame; Zhonya's Hourglass; Tear of the Goddess; Sorcerer's Shoes; Rabadon's Deathcap; 
LA1_1240886511; Daycrow; Xayah; 8; 1; 0; 10; 7; 2.5714285714285716; 0.5294117647058824; 0; 3; 18; 2; 270; 73; 47; 18; 18224; 19505; 424.8504627707897; 39871; 929.4964666477093; 0.1715721084393198; 26; 20; 3845; 28136; 1; 1; 1; 2; 1; 0; 10; 5; 4; 0; 5; 19; 8; 43; 0; Eclipse; Silvermere Dawn; Muramana; Berserker's Greaves; Serpent's Fang; Serylda's Grudge; 
LA1_1240886511; Gonna; Karma; 1; 0; 0; 16; 6; 2.8333333333333335; 0.5; 0; 0; 15; 2; 45; 6; 0.4000000059604645; 0; 11538; 11350; 268.9964215276322; 16741; 390.28684057599327; 0.13618932356578964; 26; 33; 1413; 6852; 0; 1; 0; 5; 1; 0; 10; 4; 3; 0; 21; 81; 26; 161; 0; Ionian Boots of Lucidity; Shard of True Ice; Shurelya's Battlesong; Quicksilver Sash; Chemtech Putrifier; Vigilant Wardstone; 
LA1_1240886511; Shunny; Mordekaiser; 9; 2; 0; 8; 7; 2.4285714285714284; 0.5483870967741935; 9; 1; 18; 2; 243; 70; 23.799999982118607; 3; 16352; 15050; 381.21820101096796; 23606; 550.3114279184596; 0.28074768912314085; 95; 47; 3777; 3992; 0; 0; 0; 0; 0; 0; 0; 2; 4; 0; 6; 9; 6; 39; 1; Stopwatch; Rylai's Crystal Scepter; Riftmaker; Spirit Visage; Thornmail; Plated Steelcaps; 
LA1_1240886511; Xu Wei; Zed; 6; 0; 0; 14; 6; 3.3333333333333335; 0.6451612903225806; 9; 1; 18; 2; 39; 1; 51.20000001788139; 186; 15741; 14350; 366.9654620485601; 28435; 662.8871235216455; 0.23561730170399056; 67; 41; 930; 23949; 0; 0; 2; 3; 1; 0; 0; 2; 2; 0; 8; 9; 8; 40; 1; Ionian Boots of Lucidity; Serylda's Grudge; Chain Vest; Serpent's Fang; Eclipse; Edge of Night; 
LA1_1240886511; desugan; Orianna; 4; 0; 0; 20; 5; 4.8; 0.7741935483870968; 9; 0; 18; 2; 233; 65; 66.60000005364418; 57; 15077; 13775; 351.4857637860537; 23140; 539.4449782425004; 0.1526171090828244; 71; 38; 971; 7771; 0; 1; 0; 2; 0; 0; 0; 0; 2; 0; 5; 19; 8; 52; 1; Tear of the Goddess; Luden's Tempest; Rabadon's Deathcap; Ionian Boots of Lucidity; Shadowflame; Blighting Jewel; 
LA1_1240886511; BAN Motorcito; Jinx; 14; 0; 0; 11; 7; 3.5714285714285716; 0.8064516129032258; 9; 4; 18; 1; 306; 46; 17.249999970197678; 20; 19892; 17700; 463.74267079884584; 30155; 702.9998481467308; 0.16741078006214516; 94; 33; 10083; 22758; 1; 1; 1; 2; 0; 1; 0; 3; 5; 0; 4; 20; 11; 51; 1; Berserker's Greaves; B. F. Sword; Galeforce; Rapid Firecannon; Infinity Edge; Guardian Angel; 
LA1_1240886511; emarlin; Lulu; 1; 0; 0; 29; 6; 5; 0.967741935483871; 9; 0; 17; 2; 46; 12; 15; 0; 10769; 9525; 251.0513535001093; 4990; 116.34131895286677; 0.163607120027899; 69; 39; 391; 1292; 0; 1; 0; 2; 0; 0; 0; 0; 5; 0; 13; 57; 12; 106; 1; Forbidden Idol; Shurelya's Battlesong; Bulwark of the Mountain; Ardent Censer; Kindlegem; Ionian Boots of Lucidity; 
LA1_1240886511; 2022-04-25; 
Blue; 0; 0; 1; 1; 31; 0; 4; 0; 0; 0; 1; 1; 8; 
Red; 1; 1; 1; 0; 34; 1; 3; 1; 2; 1; 1; 1; 8; 
LA1_1240886511; ElectricDagger; Sett; 6; 1; 0; 6; 9; 1.3333333333333333; 0.35294117647058826; 0; 2; 18; 2; 215; 59; 14; 16; 15103; 14050; 352.0981848294149; 20738; 483.468497401617; 0.28941696042491855; 51; 20; 7117; 20941; 0; 0; 2; 4; 1; 0; 10; 0; 4; 0; 2; 8; 10; 35; 0; Quicksilver Sash; Goredrinker; Mercury's Treads; Death's Dance; Executioner's Calling; Maw of Malmortius; 
LA1_1240886511; BAN Kazuo; Kayn; 12; 2; 0; 10; 9; 2.4444444444444446; 0.6470588235294118; 0; 2; 18; 2; 59; 1; 27.050000071525574; 177; 19069; 17600; 444.53995526013745; 27899; 650.4055359942199; 0.29570113206804394; 57; 46; 594; 35789; 0; 1; 1; 3; 1; 0; 10; 2; 1; 0; 2; 3; 10; 42; 0; Ionian Boots of Lucidity; Silvermere Dawn; Prowler's Claw; Muramana; Serpent's Fang; Serylda's Grudge; 
LA1_1240886511; GK Hades; Viktor; 4; 0; 0; 7; 3; 3.6666666666666665; 0.3235294117647059; 0; 0; 18; 1; 290; 71; 73.20000004768372; 29; 15408; 14675; 359.1995689162064; 21956; 511.84812634209385; 0.10712047550192806; 44; 16; 2909; 18610; 0; 1; 0; 5; 0; 0; 10; 2; 1; 0; 7; 24; 9; 60; 0; Luden's Tempest; Shadowflame; Zhonya's Hourglass; Tear of the Goddess; Sorcerer's Shoes; Rabadon's Deathcap; 
LA1_1240886511; Daycrow; Xayah; 8; 1; 0; 10; 7; 2.5714285714285716; 0.5294117647058824; 0; 3; 18; 2; 270; 73; 47; 18; 18224; 19505; 424.8504627707897; 39871; 929.4964666477093; 0.1715721084393198; 26; 20; 3845; 28136; 1; 1; 1; 2; 1; 0; 10; 5; 4; 0; 5; 19; 8; 43; 0; Eclipse; Silvermere Dawn; Muramana; Berserker's Greaves; Serpent's Fang; Serylda's Grudge; 
LA1_1240886511; Gonna; Karma; 1; 0; 0; 16; 6; 2.8333333333333335; 0.5; 0; 0; 15; 2; 45; 6; 0.4000000059604645; 0; 11538; 11350; 268.9964215276322; 16741; 390.28684057599327; 0.13618932356578964; 26; 33; 1413; 6852; 0; 1; 0; 5; 1; 0; 10; 4; 3; 0; 21; 81; 26; 161; 0; Ionian Boots of Lucidity; Shard of True Ice; Shurelya's Battlesong; Quicksilver Sash; Chemtech Putrifier; Vigilant Wardstone; 
LA1_1240886511; Shunny; Mordekaiser; 9; 2; 0; 8; 7; 2.4285714285714284; 0.5483870967741935; 9; 1; 18; 2; 243; 70; 23.799999982118607; 3; 16352; 15050; 381.21820101096796; 23606; 550.3114279184596; 0.28074768912314085; 95; 47; 3777; 3992; 0; 0; 0; 0; 0; 0; 0; 2; 4; 0; 6; 9; 6; 39; 1; Stopwatch; Rylai's Crystal Scepter; Riftmaker; Spirit Visage; Thornmail; Plated Steelcaps; 
LA1_1240886511; Xu Wei; Zed; 6; 0; 0; 14; 6; 3.3333333333333335; 0.6451612903225806; 9; 1; 18; 2; 39; 1; 51.20000001788139; 186; 15741; 14350; 366.9654620485601; 28435; 662.8871235216455; 0.23561730170399056; 67; 41; 930; 23949; 0; 0; 2; 3; 1; 0; 0; 2; 2; 0; 8; 9; 8; 40; 1; Ionian Boots of Lucidity; Serylda's Grudge; Chain Vest; Serpent's Fang; Eclipse; Edge of Night; 
LA1_1240886511; desugan; Orianna; 4; 0; 0; 20; 5; 4.8; 0.7741935483870968; 9; 0; 18; 2; 233; 65; 66.60000005364418; 57; 15077; 13775; 351.4857637860537; 23140; 539.4449782425004; 0.1526171090828244; 71; 38; 971; 7771; 0; 1; 0; 2; 0; 0; 0; 0; 2; 0; 5; 19; 8; 52; 1; Tear of the Goddess; Luden's Tempest; Rabadon's Deathcap; Ionian Boots of Lucidity; Shadowflame; Blighting Jewel; 
LA1_1240886511; BAN Motorcito; Jinx; 14; 0; 0; 11; 7; 3.5714285714285716; 0.8064516129032258; 9; 4; 18; 1; 306; 46; 17.249999970197678; 20; 19892; 17700; 463.74267079884584; 30155; 702.9998481467308; 0.16741078006214516; 94; 33; 10083; 22758; 1; 1; 1; 2; 0; 1; 0; 3; 5; 0; 4; 20; 11; 51; 1; Berserker's Greaves; B. F. Sword; Galeforce; Rapid Firecannon; Infinity Edge; Guardian Angel; 
LA1_1240886511; emarlin; Lulu; 1; 0; 0; 29; 6; 5; 0.967741935483871; 9; 0; 17; 2; 46; 12; 15; 0; 10769; 9525; 251.0513535001093; 4990; 116.34131895286677; 0.163607120027899; 69; 39; 391; 1292; 0; 1; 0; 2; 0; 0; 0; 0; 5; 0; 13; 57; 12; 106; 1; Forbidden Idol; Shurelya's Battlesong; Bulwark of the Mountain; Ardent Censer; Kindlegem; Ionian Boots of Lucidity; 
LA1_1240886511; 2022-04-25; 
Blue; 0; 0; 1; 1; 31; 0; 4; 0; 0; 0; 1; 1; 8; 
Red; 1; 1; 1; 0; 34; 1; 3; 1; 2; 1; 1; 1; 8; 
LA1_1240886511; ElectricDagger; Sett; 6; 1; 0; 6; 9; 1.3333333333333333; 0.35294117647058826; 0; 2; 18; 2; 215; 59; 14; 16; 15103; 14050; 352.0981848294149; 20738; 483.468497401617; 0.28941696042491855; 51; 20; 7117; 20941; 0; 0; 2; 4; 1; 0; 10; 0; 4; 0; 2; 8; 10; 35; 0; Quicksilver Sash; Goredrinker; Mercury's Treads; Death's Dance; Executioner's Calling; Maw of Malmortius; 
LA1_1240886511; BAN Kazuo; Kayn; 12; 2; 0; 10; 9; 2.4444444444444446; 0.6470588235294118; 0; 2; 18; 2; 59; 1; 27.050000071525574; 177; 19069; 17600; 444.53995526013745; 27899; 650.4055359942199; 0.29570113206804394; 57; 46; 594; 35789; 0; 1; 1; 3; 1; 0; 10; 2; 1; 0; 2; 3; 10; 42; 0; Ionian Boots of Lucidity; Silvermere Dawn; Prowler's Claw; Muramana; Serpent's Fang; Serylda's Grudge; 
LA1_1240886511; GK Hades; Viktor; 4; 0; 0; 7; 3; 3.6666666666666665; 0.3235294117647059; 0; 0; 18; 1; 290; 71; 73.20000004768372; 29; 15408; 14675; 359.1995689162064; 21956; 511.84812634209385; 0.10712047550192806; 44; 16; 2909; 18610; 0; 1; 0; 5; 0; 0; 10; 2; 1; 0; 7; 24; 9; 60; 0; Luden's Tempest; Shadowflame; Zhonya's Hourglass; Tear of the Goddess; Sorcerer's Shoes; Rabadon's Deathcap; 
LA1_1240886511; Daycrow; Xayah; 8; 1; 0; 10; 7; 2.5714285714285716; 0.5294117647058824; 0; 3; 18; 2; 270; 73; 47; 18; 18224; 19505; 424.8504627707897; 39871; 929.4964666477093; 0.1715721084393198; 26; 20; 3845; 28136; 1; 1; 1; 2; 1; 0; 10; 5; 4; 0; 5; 19; 8; 43; 0; Eclipse; Silvermere Dawn; Muramana; Berserker's Greaves; Serpent's Fang; Serylda's Grudge; 
LA1_1240886511; Gonna; Karma; 1; 0; 0; 16; 6; 2.8333333333333335; 0.5; 0; 0; 15; 2; 45; 6; 0.4000000059604645; 0; 11538; 11350; 268.9964215276322; 16741; 390.28684057599327; 0.13618932356578964; 26; 33; 1413; 6852; 0; 1; 0; 5; 1; 0; 10; 4; 3; 0; 21; 81; 26; 161; 0; Ionian Boots of Lucidity; Shard of True Ice; Shurelya's Battlesong; Quicksilver Sash; Chemtech Putrifier; Vigilant Wardstone; 
LA1_1240886511; Shunny; Mordekaiser; 9; 2; 0; 8; 7; 2.4285714285714284; 0.5483870967741935; 9; 1; 18; 2; 243; 70; 23.799999982118607; 3; 16352; 15050; 381.21820101096796; 23606; 550.3114279184596; 0.28074768912314085; 95; 47; 3777; 3992; 0; 0; 0; 0; 0; 0; 0; 2; 4; 0; 6; 9; 6; 39; 1; Stopwatch; Rylai's Crystal Scepter; Riftmaker; Spirit Visage; Thornmail; Plated Steelcaps; 
LA1_1240886511; Xu Wei; Zed; 6; 0; 0; 14; 6; 3.3333333333333335; 0.6451612903225806; 9; 1; 18; 2; 39; 1; 51.20000001788139; 186; 15741; 14350; 366.9654620485601; 28435; 662.8871235216455; 0.23561730170399056; 67; 41; 930; 23949; 0; 0; 2; 3; 1; 0; 0; 2; 2; 0; 8; 9; 8; 40; 1; Ionian Boots of Lucidity; Serylda's Grudge; Chain Vest; Serpent's Fang; Eclipse; Edge of Night; 
LA1_1240886511; desugan; Orianna; 4; 0; 0; 20; 5; 4.8; 0.7741935483870968; 9; 0; 18; 2; 233; 65; 66.60000005364418; 57; 15077; 13775; 351.4857637860537; 23140; 539.4449782425004; 0.1526171090828244; 71; 38; 971; 7771; 0; 1; 0; 2; 0; 0; 0; 0; 2; 0; 5; 19; 8; 52; 1; Tear of the Goddess; Luden's Tempest; Rabadon's Deathcap; Ionian Boots of Lucidity; Shadowflame; Blighting Jewel; 
LA1_1240886511; BAN Motorcito; Jinx; 14; 0; 0; 11; 7; 3.5714285714285716; 0.8064516129032258; 9; 4; 18; 1; 306; 46; 17.249999970197678; 20; 19892; 17700; 463.74267079884584; 30155; 702.9998481467308; 0.16741078006214516; 94; 33; 10083; 22758; 1; 1; 1; 2; 0; 1; 0; 3; 5; 0; 4; 20; 11; 51; 1; Berserker's Greaves; B. F. Sword; Galeforce; Rapid Firecannon; Infinity Edge; Guardian Angel; 
LA1_1240886511; emarlin; Lulu; 1; 0; 0; 29; 6; 5; 0.967741935483871; 9; 0; 17; 2; 46; 12; 15; 0; 10769; 9525; 251.0513535001093; 4990; 116.34131895286677; 0.163607120027899; 69; 39; 391; 1292; 0; 1; 0; 2; 0; 0; 0; 0; 5; 0; 13; 57; 12; 106; 1; Forbidden Idol; Shurelya's Battlesong; Bulwark of the Mountain; Ardent Censer; Kindlegem; Ionian Boots of Lucidity; 
LA1_1240886511; 2022-04-25; 
Blue; 0; 0; 1; 1; 31; 0; 4; 0; 0; 0; 1; 1; 8; 
Red; 1; 1; 1; 0; 34; 1; 3; 1; 2; 1; 1; 1; 8; 
LA1_1240886511; ElectricDagger; Sett; 6; 1; 0; 6; 9; 1.3333333333333333; 0.35294117647058826; 0; 2; 18; 2; 215; 59; 14; 16; 15103; 14050; 352.0981848294149; 20738; 483.468497401617; 0.28941696042491855; 51; 20; 7117; 20941; 0; 0; 2; 4; 1; 0; 10; 0; 4; 0; 2; 8; 10; 35; 0; Quicksilver Sash; Goredrinker; Mercury's Treads; Death's Dance; Executioner's Calling; Maw of Malmortius; 
LA1_1240886511; BAN Kazuo; Kayn; 12; 2; 0; 10; 9; 2.4444444444444446; 0.6470588235294118; 0; 2; 18; 2; 59; 1; 27.050000071525574; 177; 19069; 17600; 444.53995526013745; 27899; 650.4055359942199; 0.29570113206804394; 57; 46; 594; 35789; 0; 1; 1; 3; 1; 0; 10; 2; 1; 0; 2; 3; 10; 42; 0; Ionian Boots of Lucidity; Silvermere Dawn; Prowler's Claw; Muramana; Serpent's Fang; Serylda's Grudge; 
LA1_1240886511; GK Hades; Viktor; 4; 0; 0; 7; 3; 3.6666666666666665; 0.3235294117647059; 0; 0; 18; 1; 290; 71; 73.20000004768372; 29; 15408; 14675; 359.1995689162064; 21956; 511.84812634209385; 0.10712047550192806; 44; 16; 2909; 18610; 0; 1; 0; 5; 0; 0; 10; 2; 1; 0; 7; 24; 9; 60; 0; Luden's Tempest; Shadowflame; Zhonya's Hourglass; Tear of the Goddess; Sorcerer's Shoes; Rabadon's Deathcap; 
LA1_1240886511; Daycrow; Xayah; 8; 1; 0; 10; 7; 2.5714285714285716; 0.5294117647058824; 0; 3; 18; 2; 270; 73; 47; 18; 18224; 19505; 424.8504627707897; 39871; 929.4964666477093; 0.1715721084393198; 26; 20; 3845; 28136; 1; 1; 1; 2; 1; 0; 10; 5; 4; 0; 5; 19; 8; 43; 0; Eclipse; Silvermere Dawn; Muramana; Berserker's Greaves; Serpent's Fang; Serylda's Grudge; 
LA1_1240886511; Gonna; Karma; 1; 0; 0; 16; 6; 2.8333333333333335; 0.5; 0; 0; 15; 2; 45; 6; 0.4000000059604645; 0; 11538; 11350; 268.9964215276322; 16741; 390.28684057599327; 0.13618932356578964; 26; 33; 1413; 6852; 0; 1; 0; 5; 1; 0; 10; 4; 3; 0; 21; 81; 26; 161; 0; Ionian Boots of Lucidity; Shard of True Ice; Shurelya's Battlesong; Quicksilver Sash; Chemtech Putrifier; Vigilant Wardstone; 
LA1_1240886511; Shunny; Mordekaiser; 9; 2; 0; 8; 7; 2.4285714285714284; 0.5483870967741935; 9; 1; 18; 2; 243; 70; 23.799999982118607; 3; 16352; 15050; 381.21820101096796; 23606; 550.3114279184596; 0.28074768912314085; 95; 47; 3777; 3992; 0; 0; 0; 0; 0; 0; 0; 2; 4; 0; 6; 9; 6; 39; 1; Stopwatch; Rylai's Crystal Scepter; Riftmaker; Spirit Visage; Thornmail; Plated Steelcaps; 
LA1_1240886511; Xu Wei; Zed; 6; 0; 0; 14; 6; 3.3333333333333335; 0.6451612903225806; 9; 1; 18; 2; 39; 1; 51.20000001788139; 186; 15741; 14350; 366.9654620485601; 28435; 662.8871235216455; 0.23561730170399056; 67; 41; 930; 23949; 0; 0; 2; 3; 1; 0; 0; 2; 2; 0; 8; 9; 8; 40; 1; Ionian Boots of Lucidity; Serylda's Grudge; Chain Vest; Serpent's Fang; Eclipse; Edge of Night; 
LA1_1240886511; desugan; Orianna; 4; 0; 0; 20; 5; 4.8; 0.7741935483870968; 9; 0; 18; 2; 233; 65; 66.60000005364418; 57; 15077; 13775; 351.4857637860537; 23140; 539.4449782425004; 0.1526171090828244; 71; 38; 971; 7771; 0; 1; 0; 2; 0; 0; 0; 0; 2; 0; 5; 19; 8; 52; 1; Tear of the Goddess; Luden's Tempest; Rabadon's Deathcap; Ionian Boots of Lucidity; Shadowflame; Blighting Jewel; 
LA1_1240886511; BAN Motorcito; Jinx; 14; 0; 0; 11; 7; 3.5714285714285716; 0.8064516129032258; 9; 4; 18; 1; 306; 46; 17.249999970197678; 20; 19892; 17700; 463.74267079884584; 30155; 702.9998481467308; 0.16741078006214516; 94; 33; 10083; 22758; 1; 1; 1; 2; 0; 1; 0; 3; 5; 0; 4; 20; 11; 51; 1; Berserker's Greaves; B. F. Sword; Galeforce; Rapid Firecannon; Infinity Edge; Guardian Angel; 
LA1_1240886511; emarlin; Lulu; 1; 0; 0; 29; 6; 5; 0.967741935483871; 9; 0; 17; 2; 46; 12; 15; 0; 10769; 9525; 251.0513535001093; 4990; 116.34131895286677; 0.163607120027899; 69; 39; 391; 1292; 0; 1; 0; 2; 0; 0; 0; 0; 5; 0; 13; 57; 12; 106; 1; Forbidden Idol; Shurelya's Battlesong; Bulwark of the Mountain; Ardent Censer; Kindlegem; Ionian Boots of Lucidity; 
LA1_1240886511; 2022-04-25; 
Blue; 0; 0; 1; 1; 31; 0; 4; 0; 0; 0; 1; 1; 8; 
Red; 1; 1; 1; 0; 34; 1; 3; 1; 2; 1; 1; 1; 8; 
LA1_1240886511; ElectricDagger; Sett; 6; 1; 0; 6; 9; 1.3333333333333333; 0.35294117647058826; 0; 2; 18; 2; 215; 59; 14; 16; 15103; 14050; 352.0981848294149; 20738; 483.468497401617; 0.28941696042491855; 51; 20; 7117; 20941; 0; 0; 2; 4; 1; 0; 10; 0; 4; 0; 2; 8; 10; 35; 0; Quicksilver Sash; Goredrinker; Mercury's Treads; Death's Dance; Executioner's Calling; Maw of Malmortius; 
LA1_1240886511; BAN Kazuo; Kayn; 12; 2; 0; 10; 9; 2.4444444444444446; 0.6470588235294118; 0; 2; 18; 2; 59; 1; 27.050000071525574; 177; 19069; 17600; 444.53995526013745; 27899; 650.4055359942199; 0.29570113206804394; 57; 46; 594; 35789; 0; 1; 1; 3; 1; 0; 10; 2; 1; 0; 2; 3; 10; 42; 0; Ionian Boots of Lucidity; Silvermere Dawn; Prowler's Claw; Muramana; Serpent's Fang; Serylda's Grudge; 
LA1_1240886511; GK Hades; Viktor; 4; 0; 0; 7; 3; 3.6666666666666665; 0.3235294117647059; 0; 0; 18; 1; 290; 71; 73.20000004768372; 29; 15408; 14675; 359.1995689162064; 21956; 511.84812634209385; 0.10712047550192806; 44; 16; 2909; 18610; 0; 1; 0; 5; 0; 0; 10; 2; 1; 0; 7; 24; 9; 60; 0; Luden's Tempest; Shadowflame; Zhonya's Hourglass; Tear of the Goddess; Sorcerer's Shoes; Rabadon's Deathcap; 
LA1_1240886511; Daycrow; Xayah; 8; 1; 0; 10; 7; 2.5714285714285716; 0.5294117647058824; 0; 3; 18; 2; 270; 73; 47; 18; 18224; 19505; 424.8504627707897; 39871; 929.4964666477093; 0.1715721084393198; 26; 20; 3845; 28136; 1; 1; 1; 2; 1; 0; 10; 5; 4; 0; 5; 19; 8; 43; 0; Eclipse; Silvermere Dawn; Muramana; Berserker's Greaves; Serpent's Fang; Serylda's Grudge; 
LA1_1240886511; Gonna; Karma; 1; 0; 0; 16; 6; 2.8333333333333335; 0.5; 0; 0; 15; 2; 45; 6; 0.4000000059604645; 0; 11538; 11350; 268.9964215276322; 16741; 390.28684057599327; 0.13618932356578964; 26; 33; 1413; 6852; 0; 1; 0; 5; 1; 0; 10; 4; 3; 0; 21; 81; 26; 161; 0; Ionian Boots of Lucidity; Shard of True Ice; Shurelya's Battlesong; Quicksilver Sash; Chemtech Putrifier; Vigilant Wardstone; 
LA1_1240886511; Shunny; Mordekaiser; 9; 2; 0; 8; 7; 2.4285714285714284; 0.5483870967741935; 9; 1; 18; 2; 243; 70; 23.799999982118607; 3; 16352; 15050; 381.21820101096796; 23606; 550.3114279184596; 0.28074768912314085; 95; 47; 3777; 3992; 0; 0; 0; 0; 0; 0; 0; 2; 4; 0; 6; 9; 6; 39; 1; Stopwatch; Rylai's Crystal Scepter; Riftmaker; Spirit Visage; Thornmail; Plated Steelcaps; 
LA1_1240886511; Xu Wei; Zed; 6; 0; 0; 14; 6; 3.3333333333333335; 0.6451612903225806; 9; 1; 18; 2; 39; 1; 51.20000001788139; 186; 15741; 14350; 366.9654620485601; 28435; 662.8871235216455; 0.23561730170399056; 67; 41; 930; 23949; 0; 0; 2; 3; 1; 0; 0; 2; 2; 0; 8; 9; 8; 40; 1; Ionian Boots of Lucidity; Serylda's Grudge; Chain Vest; Serpent's Fang; Eclipse; Edge of Night; 
LA1_1240886511; desugan; Orianna; 4; 0; 0; 20; 5; 4.8; 0.7741935483870968; 9; 0; 18; 2; 233; 65; 66.60000005364418; 57; 15077; 13775; 351.4857637860537; 23140; 539.4449782425004; 0.1526171090828244; 71; 38; 971; 7771; 0; 1; 0; 2; 0; 0; 0; 0; 2; 0; 5; 19; 8; 52; 1; Tear of the Goddess; Luden's Tempest; Rabadon's Deathcap; Ionian Boots of Lucidity; Shadowflame; Blighting Jewel; 
LA1_1240886511; BAN Motorcito; Jinx; 14; 0; 0; 11; 7; 3.5714285714285716; 0.8064516129032258; 9; 4; 18; 1; 306; 46; 17.249999970197678; 20; 19892; 17700; 463.74267079884584; 30155; 702.9998481467308; 0.16741078006214516; 94; 33; 10083; 22758; 1; 1; 1; 2; 0; 1; 0; 3; 5; 0; 4; 20; 11; 51; 1; Berserker's Greaves; B. F. Sword; Galeforce; Rapid Firecannon; Infinity Edge; Guardian Angel; 
LA1_1240886511; emarlin; Lulu; 1; 0; 0; 29; 6; 5; 0.967741935483871; 9; 0; 17; 2; 46; 12; 15; 0; 10769; 9525; 251.0513535001093; 4990; 116.34131895286677; 0.163607120027899; 69; 39; 391; 1292; 0; 1; 0; 2; 0; 0; 0; 0; 5; 0; 13; 57; 12; 106; 1; Forbidden Idol; Shurelya's Battlesong; Bulwark of the Mountain; Ardent Censer; Kindlegem; Ionian Boots of Lucidity; 
LA1_1240886511; 2022-04-25; 
Blue; 0; 0; 1; 1; 31; 0; 4; 0; 0; 0; 1; 1; 8; 
Red; 1; 1; 1; 0; 34; 1; 3; 1; 2; 1; 1; 1; 8; 
LA1_1240886511; ElectricDagger; Sett; 6; 1; 0; 6; 9; 1.3333333333333333; 0.35294117647058826; 0; 2; 18; 2; 215; 59; 14; 16; 15103; 14050; 352.0981848294149; 20738; 483.468497401617; 0.28941696042491855; 51; 20; 7117; 20941; 0; 0; 2; 4; 1; 0; 10; 0; 4; 0; 2; 8; 10; 35; 0; Quicksilver Sash; Goredrinker; Mercury's Treads; Death's Dance; Executioner's Calling; Maw of Malmortius; 
LA1_1240886511; BAN Kazuo; Kayn; 12; 2; 0; 10; 9; 2.4444444444444446; 0.6470588235294118; 0; 2; 18; 2; 59; 1; 27.050000071525574; 177; 19069; 17600; 444.53995526013745; 27899; 650.4055359942199; 0.29570113206804394; 57; 46; 594; 35789; 0; 1; 1; 3; 1; 0; 10; 2; 1; 0; 2; 3; 10; 42; 0; Ionian Boots of Lucidity; Silvermere Dawn; Prowler's Claw; Muramana; Serpent's Fang; Serylda's Grudge; 
LA1_1240886511; GK Hades; Viktor; 4; 0; 0; 7; 3; 3.6666666666666665; 0.3235294117647059; 0; 0; 18; 1; 290; 71; 73.20000004768372; 29; 15408; 14675; 359.1995689162064; 21956; 511.84812634209385; 0.10712047550192806; 44; 16; 2909; 18610; 0; 1; 0; 5; 0; 0; 10; 2; 1; 0; 7; 24; 9; 60; 0; Luden's Tempest; Shadowflame; Zhonya's Hourglass; Tear of the Goddess; Sorcerer's Shoes; Rabadon's Deathcap; 
LA1_1240886511; Daycrow; Xayah; 8; 1; 0; 10; 7; 2.5714285714285716; 0.5294117647058824; 0; 3; 18; 2; 270; 73; 47; 18; 18224; 19505; 424.8504627707897; 39871; 929.4964666477093; 0.1715721084393198; 26; 20; 3845; 28136; 1; 1; 1; 2; 1; 0; 10; 5; 4; 0; 5; 19; 8; 43; 0; Eclipse; Silvermere Dawn; Muramana; Berserker's Greaves; Serpent's Fang; Serylda's Grudge; 
LA1_1240886511; Gonna; Karma; 1; 0; 0; 16; 6; 2.8333333333333335; 0.5; 0; 0; 15; 2; 45; 6; 0.4000000059604645; 0; 11538; 11350; 268.9964215276322; 16741; 390.28684057599327; 0.13618932356578964; 26; 33; 1413; 6852; 0; 1; 0; 5; 1; 0; 10; 4; 3; 0; 21; 81; 26; 161; 0; Ionian Boots of Lucidity; Shard of True Ice; Shurelya's Battlesong; Quicksilver Sash; Chemtech Putrifier; Vigilant Wardstone; 
LA1_1240886511; Shunny; Mordekaiser; 9; 2; 0; 8; 7; 2.4285714285714284; 0.5483870967741935; 9; 1; 18; 2; 243; 70; 23.799999982118607; 3; 16352; 15050; 381.21820101096796; 23606; 550.3114279184596; 0.28074768912314085; 95; 47; 3777; 3992; 0; 0; 0; 0; 0; 0; 0; 2; 4; 0; 6; 9; 6; 39; 1; Stopwatch; Rylai's Crystal Scepter; Riftmaker; Spirit Visage; Thornmail; Plated Steelcaps; 
LA1_1240886511; Xu Wei; Zed; 6; 0; 0; 14; 6; 3.3333333333333335; 0.6451612903225806; 9; 1; 18; 2; 39; 1; 51.20000001788139; 186; 15741; 14350; 366.9654620485601; 28435; 662.8871235216455; 0.23561730170399056; 67; 41; 930; 23949; 0; 0; 2; 3; 1; 0; 0; 2; 2; 0; 8; 9; 8; 40; 1; Ionian Boots of Lucidity; Serylda's Grudge; Chain Vest; Serpent's Fang; Eclipse; Edge of Night; 
LA1_1240886511; desugan; Orianna; 4; 0; 0; 20; 5; 4.8; 0.7741935483870968; 9; 0; 18; 2; 233; 65; 66.60000005364418; 57; 15077; 13775; 351.4857637860537; 23140; 539.4449782425004; 0.1526171090828244; 71; 38; 971; 7771; 0; 1; 0; 2; 0; 0; 0; 0; 2; 0; 5; 19; 8; 52; 1; Tear of the Goddess; Luden's Tempest; Rabadon's Deathcap; Ionian Boots of Lucidity; Shadowflame; Blighting Jewel; 
LA1_1240886511; BAN Motorcito; Jinx; 14; 0; 0; 11; 7; 3.5714285714285716; 0.8064516129032258; 9; 4; 18; 1; 306; 46; 17.249999970197678; 20; 19892; 17700; 463.74267079884584; 30155; 702.9998481467308; 0.16741078006214516; 94; 33; 10083; 22758; 1; 1; 1; 2; 0; 1; 0; 3; 5; 0; 4; 20; 11; 51; 1; Berserker's Greaves; B. F. Sword; Galeforce; Rapid Firecannon; Infinity Edge; Guardian Angel; 
LA1_1240886511; emarlin; Lulu; 1; 0; 0; 29; 6; 5; 0.967741935483871; 9; 0; 17; 2; 46; 12; 15; 0; 10769; 9525; 251.0513535001093; 4990; 116.34131895286677; 0.163607120027899; 69; 39; 391; 1292; 0; 1; 0; 2; 0; 0; 0; 0; 5; 0; 13; 57; 12; 106; 1; Forbidden Idol; Shurelya's Battlesong; Bulwark of the Mountain; Ardent Censer; Kindlegem; Ionian Boots of Lucidity; 
LA1_1240886511; 2022-04-25; 
Blue; 0; 0; 1; 1; 31; 0; 4; 0; 0; 0; 1; 1; 8; 
Red; 1; 1; 1; 0; 34; 1; 3; 1; 2; 1; 1; 1; 8; 
LA1_1240886511; ElectricDagger; Sett; 6; 1; 0; 6; 9; 1.3333333333333333; 0.35294117647058826; 0; 2; 18; 2; 215; 59; 14; 16; 15103; 14050; 352.0981848294149; 20738; 483.468497401617; 0.28941696042491855; 51; 20; 7117; 20941; 0; 0; 2; 4; 1; 0; 10; 0; 4; 0; 2; 8; 10; 35; 0; Quicksilver Sash; Goredrinker; Mercury's Treads; Death's Dance; Executioner's Calling; Maw of Malmortius; 
LA1_1240886511; BAN Kazuo; Kayn; 12; 2; 0; 10; 9; 2.4444444444444446; 0.6470588235294118; 0; 2; 18; 2; 59; 1; 27.050000071525574; 177; 19069; 17600; 444.53995526013745; 27899; 650.4055359942199; 0.29570113206804394; 57; 46; 594; 35789; 0; 1; 1; 3; 1; 0; 10; 2; 1; 0; 2; 3; 10; 42; 0; Ionian Boots of Lucidity; Silvermere Dawn; Prowler's Claw; Muramana; Serpent's Fang; Serylda's Grudge; 
LA1_1240886511; GK Hades; Viktor; 4; 0; 0; 7; 3; 3.6666666666666665; 0.3235294117647059; 0; 0; 18; 1; 290; 71; 73.20000004768372; 29; 15408; 14675; 359.1995689162064; 21956; 511.84812634209385; 0.10712047550192806; 44; 16; 2909; 18610; 0; 1; 0; 5; 0; 0; 10; 2; 1; 0; 7; 24; 9; 60; 0; Luden's Tempest; Shadowflame; Zhonya's Hourglass; Tear of the Goddess; Sorcerer's Shoes; Rabadon's Deathcap; 
LA1_1240886511; Daycrow; Xayah; 8; 1; 0; 10; 7; 2.5714285714285716; 0.5294117647058824; 0; 3; 18; 2; 270; 73; 47; 18; 18224; 19505; 424.8504627707897; 39871; 929.4964666477093; 0.1715721084393198; 26; 20; 3845; 28136; 1; 1; 1; 2; 1; 0; 10; 5; 4; 0; 5; 19; 8; 43; 0; Eclipse; Silvermere Dawn; Muramana; Berserker's Greaves; Serpent's Fang; Serylda's Grudge; 
LA1_1240886511; Gonna; Karma; 1; 0; 0; 16; 6; 2.8333333333333335; 0.5; 0; 0; 15; 2; 45; 6; 0.4000000059604645; 0; 11538; 11350; 268.9964215276322; 16741; 390.28684057599327; 0.13618932356578964; 26; 33; 1413; 6852; 0; 1; 0; 5; 1; 0; 10; 4; 3; 0; 21; 81; 26; 161; 0; Ionian Boots of Lucidity; Shard of True Ice; Shurelya's Battlesong; Quicksilver Sash; Chemtech Putrifier; Vigilant Wardstone; 
LA1_1240886511; Shunny; Mordekaiser; 9; 2; 0; 8; 7; 2.4285714285714284; 0.5483870967741935; 9; 1; 18; 2; 243; 70; 23.799999982118607; 3; 16352; 15050; 381.21820101096796; 23606; 550.3114279184596; 0.28074768912314085; 95; 47; 3777; 3992; 0; 0; 0; 0; 0; 0; 0; 2; 4; 0; 6; 9; 6; 39; 1; Stopwatch; Rylai's Crystal Scepter; Riftmaker; Spirit Visage; Thornmail; Plated Steelcaps; 
LA1_1240886511; Xu Wei; Zed; 6; 0; 0; 14; 6; 3.3333333333333335; 0.6451612903225806; 9; 1; 18; 2; 39; 1; 51.20000001788139; 186; 15741; 14350; 366.9654620485601; 28435; 662.8871235216455; 0.23561730170399056; 67; 41; 930; 23949; 0; 0; 2; 3; 1; 0; 0; 2; 2; 0; 8; 9; 8; 40; 1; Ionian Boots of Lucidity; Serylda's Grudge; Chain Vest; Serpent's Fang; Eclipse; Edge of Night; 
LA1_1240886511; desugan; Orianna; 4; 0; 0; 20; 5; 4.8; 0.7741935483870968; 9; 0; 18; 2; 233; 65; 66.60000005364418; 57; 15077; 13775; 351.4857637860537; 23140; 539.4449782425004; 0.1526171090828244; 71; 38; 971; 7771; 0; 1; 0; 2; 0; 0; 0; 0; 2; 0; 5; 19; 8; 52; 1; Tear of the Goddess; Luden's Tempest; Rabadon's Deathcap; Ionian Boots of Lucidity; Shadowflame; Blighting Jewel; 
LA1_1240886511; BAN Motorcito; Jinx; 14; 0; 0; 11; 7; 3.5714285714285716; 0.8064516129032258; 9; 4; 18; 1; 306; 46; 17.249999970197678; 20; 19892; 17700; 463.74267079884584; 30155; 702.9998481467308; 0.16741078006214516; 94; 33; 10083; 22758; 1; 1; 1; 2; 0; 1; 0; 3; 5; 0; 4; 20; 11; 51; 1; Berserker's Greaves; B. F. Sword; Galeforce; Rapid Firecannon; Infinity Edge; Guardian Angel; 
LA1_1240886511; emarlin; Lulu; 1; 0; 0; 29; 6; 5; 0.967741935483871; 9; 0; 17; 2; 46; 12; 15; 0; 10769; 9525; 251.0513535001093; 4990; 116.34131895286677; 0.163607120027899; 69; 39; 391; 1292; 0; 1; 0; 2; 0; 0; 0; 0; 5; 0; 13; 57; 12; 106; 1; Forbidden Idol; Shurelya's Battlesong; Bulwark of the Mountain; Ardent Censer; Kindlegem; Ionian Boots of Lucidity; 
